100
0
0 0 0  18  1 15 1 10 1 5 1 16 1 17 1 4 1 7 1 1 1 2 1 3 1 6 1 8 1 9 1 13 1 18 1 24 1 27 1 33 
1 0 0  18  1 4 1 0 1 9 1 3 1 14 1 36 1 2 1 16 1 19 1 8 1 17 1 13 1 29 1 6 1 7 1 10 1 18 1 24 
2 0 0  23  1 1 1 5 1 4 1 17 1 13 1 0 1 3 1 7 1 8 1 9 1 12 1 14 1 10 1 20 1 6 1 18 1 25 1 11 1 15 1 24 1 27 1 33 1 36 
3 0 0  11  1 1 1 2 1 10 1 0 1 8 1 4 1 6 1 7 1 9 1 24 1 25 
4 0 0  16  1 0 1 1 1 2 1 11 1 7 1 10 1 20 1 3 1 19 1 13 1 27 1 34 1 5 1 8 1 17 1 22 
5 0 0  15  1 0 1 2 1 33 1 26 1 4 1 6 1 9 1 11 1 8 1 18 1 19 1 22 1 23 1 24 1 25 
6 0 0  15  1 1 1 2 1 5 1 7 1 19 1 9 1 11 1 3 1 27 1 0 1 8 1 12 1 15 1 17 1 18 
7 0 0  19  1 0 1 2 1 4 1 6 1 14 1 12 1 1 1 34 1 24 1 9 1 17 1 3 1 11 1 22 1 8 1 10 1 13 1 21 1 36 
8 0 0  24  1 1 1 2 1 3 1 17 1 10 1 34 1 27 1 25 1 7 1 16 1 22 1 15 1 6 1 4 1 12 1 19 1 11 1 21 1 33 1 0 1 5 1 13 1 28 1 35 
9 0 0  18  1 1 1 2 1 5 1 6 1 7 1 3 1 0 1 24 1 13 1 15 1 16 1 18 1 19 1 25 1 26 1 27 1 28 1 32 
10 0 0  15  1 0 1 2 1 3 1 4 1 8 1 7 1 22 1 1 1 13 1 16 1 18 1 20 1 24 1 25 1 37 
11 0 0  15  1 2 1 4 1 5 1 6 1 7 1 8 1 24 1 16 1 20 1 23 1 25 1 27 1 28 1 34 1 39 
12 0 0  18  1 2 1 7 1 8 1 6 1 13 1 15 1 18 1 24 1 29 1 14 1 16 1 17 1 22 1 26 1 28 1 33 1 40 1 42 
13 0 0  23  1 1 1 2 1 4 1 8 1 9 1 12 1 25 1 26 1 19 1 21 1 10 1 17 1 7 1 0 1 18 1 20 1 22 1 23 1 28 1 33 1 37 1 39 1 40 
14 0 0  13  1 1 1 2 1 7 1 31 1 24 1 12 1 20 1 37 1 21 1 17 1 19 1 22 1 27 
15 0 0  15  1 0 1 2 1 8 1 12 1 6 1 20 1 17 1 9 1 18 1 25 1 26 1 27 1 29 1 32 1 38 
16 0 0  14  1 0 1 1 1 8 1 10 1 17 1 12 1 18 1 9 1 11 1 19 1 23 1 27 1 32 1 51 
17 0 0  25  1 0 1 1 1 2 1 7 1 8 1 13 1 15 1 16 1 21 1 18 1 6 1 23 1 4 1 40 1 29 1 47 1 12 1 14 1 25 1 20 1 22 1 26 1 27 1 35 1 39 
18 0 0  26  1 2 1 12 1 16 1 17 1 26 1 50 1 10 1 34 1 1 1 43 1 32 1 25 1 13 1 5 1 15 1 23 1 33 1 19 1 24 1 9 1 31 1 39 1 0 1 6 1 21 1 22 
19 0 0  22  1 1 1 4 1 6 1 8 1 13 1 18 1 9 1 16 1 14 1 23 1 39 1 22 1 33 1 5 1 38 1 41 1 20 1 24 1 25 1 26 1 30 1 37 
20 0 0  27  1 2 1 4 1 14 1 15 1 17 1 23 1 24 1 13 1 10 1 27 1 29 1 21 1 11 1 33 1 52 1 19 1 32 1 36 1 37 1 30 1 31 1 26 1 22 1 25 1 28 1 34 1 39 
21 0 0  14  1 8 1 13 1 14 1 17 1 20 1 34 1 18 1 7 1 24 1 25 1 32 1 36 1 38 1 50 
22 0 0  20  1 7 1 8 1 10 1 19 1 13 1 37 1 5 1 28 1 18 1 12 1 14 1 4 1 20 1 27 1 17 1 43 1 38 1 24 1 33 1 35 
23 0 0  19  1 17 1 18 1 19 1 20 1 16 1 54 1 34 1 36 1 33 1 37 1 11 1 13 1 31 1 47 1 5 1 24 1 26 1 28 1 39 
24 0 0  27  1 7 1 9 1 11 1 12 1 14 1 18 1 20 1 30 1 22 1 23 1 21 1 10 1 52 1 19 1 25 1 5 1 2 1 0 1 1 1 33 1 3 1 26 1 28 1 32 1 37 1 39 1 42 
25 0 0  29  1 2 1 8 1 13 1 17 1 18 1 24 1 19 1 26 1 49 1 33 1 35 1 30 1 65 1 20 1 38 1 10 1 3 1 39 1 11 1 15 1 5 1 28 1 9 1 21 1 32 1 27 1 36 1 42 1 51 
26 0 0  29  1 5 1 13 1 18 1 20 1 25 1 30 1 48 1 40 1 12 1 24 1 23 1 41 1 36 1 29 1 55 1 15 1 34 1 33 1 46 1 17 1 9 1 27 1 19 1 28 1 31 1 32 1 35 1 38 1 54 
27 0 0  28  1 4 1 6 1 8 1 20 1 22 1 26 1 2 1 14 1 47 1 36 1 33 1 51 1 37 1 28 1 29 1 9 1 25 1 0 1 17 1 16 1 42 1 39 1 15 1 40 1 32 1 11 1 31 1 38 
28 0 0  22  1 22 1 25 1 26 1 27 1 11 1 54 1 35 1 20 1 29 1 33 1 31 1 9 1 39 1 8 1 24 1 23 1 13 1 43 1 30 1 12 1 37 1 55 
29 0 0  12  1 1 1 12 1 17 1 20 1 26 1 27 1 28 1 15 1 33 1 36 1 39 1 51 
30 0 0  17  1 20 1 24 1 25 1 26 1 28 1 19 1 40 1 34 1 31 1 32 1 33 1 36 1 37 1 43 1 51 1 54 1 56 
31 0 0  18  1 14 1 18 1 20 1 23 1 26 1 28 1 40 1 30 1 47 1 32 1 37 1 27 1 38 1 36 1 42 1 44 1 52 1 54 
32 0 0  26  1 18 1 20 1 25 1 27 1 31 1 15 1 36 1 38 1 30 1 16 1 21 1 24 1 48 1 42 1 26 1 9 1 34 1 52 1 33 1 44 1 41 1 47 1 37 1 40 1 51 1 55 
33 0 0  31  1 5 1 8 1 18 1 19 1 20 1 23 1 24 1 25 1 26 1 27 1 28 1 32 1 30 1 34 1 2 1 29 1 65 1 44 1 13 1 0 1 22 1 43 1 12 1 42 1 40 1 35 1 36 1 39 1 47 1 54 1 58 
34 0 0  20  1 4 1 7 1 8 1 18 1 21 1 23 1 26 1 30 1 32 1 33 1 46 1 20 1 35 1 11 1 36 1 43 1 47 1 55 1 56 1 58 
35 0 0  22  1 25 1 28 1 33 1 34 1 38 1 39 1 40 1 22 1 44 1 26 1 53 1 8 1 17 1 41 1 36 1 43 1 45 1 48 1 49 1 50 1 54 1 55 
36 0 0  28  1 1 1 20 1 23 1 26 1 27 1 31 1 32 1 30 1 34 1 37 1 25 1 38 1 40 1 42 1 33 1 2 1 48 1 35 1 7 1 29 1 39 1 43 1 52 1 21 1 62 1 45 1 50 1 55 
37 0 0  29  1 14 1 20 1 22 1 23 1 27 1 31 1 36 1 38 1 47 1 24 1 50 1 19 1 59 1 41 1 45 1 13 1 43 1 30 1 28 1 32 1 46 1 55 1 10 1 42 1 48 1 49 1 51 1 53 1 58 
38 0 0  27  1 19 1 22 1 25 1 31 1 32 1 35 1 36 1 37 1 46 1 26 1 44 1 55 1 21 1 62 1 27 1 57 1 15 1 42 1 39 1 40 1 43 1 45 1 47 1 48 1 49 1 54 1 65 
39 0 0  32  1 18 1 19 1 25 1 27 1 28 1 35 1 36 1 61 1 47 1 42 1 29 1 51 1 50 1 48 1 23 1 53 1 65 1 46 1 38 1 33 1 41 1 11 1 40 1 24 1 17 1 20 1 13 1 49 1 55 1 60 1 62 1 81 
40 0 0  28  1 17 1 26 1 27 1 30 1 31 1 33 1 35 1 36 1 39 1 50 1 41 1 13 1 38 1 42 1 43 1 32 1 56 1 65 1 12 1 53 1 55 1 54 1 51 1 57 1 44 1 47 1 49 1 59 
41 0 0  17  1 19 1 26 1 32 1 35 1 37 1 39 1 40 1 58 1 50 1 42 1 43 1 47 1 49 1 51 1 52 1 57 1 68 
42 0 0  27  1 27 1 32 1 33 1 36 1 38 1 39 1 40 1 49 1 25 1 54 1 31 1 37 1 24 1 41 1 12 1 43 1 47 1 50 1 51 1 52 1 55 1 56 1 57 1 59 1 62 1 65 1 67 
43 0 0  29  1 18 1 22 1 28 1 33 1 36 1 37 1 40 1 30 1 38 1 48 1 41 1 52 1 50 1 42 1 53 1 46 1 62 1 71 1 35 1 34 1 58 1 44 1 47 1 49 1 51 1 54 1 57 1 60 1 72 
44 0 0  20  1 32 1 33 1 35 1 38 1 40 1 43 1 52 1 51 1 31 1 65 1 54 1 62 1 45 1 48 1 47 1 49 1 50 1 57 1 63 1 72 
45 0 0  12  1 37 1 44 1 35 1 36 1 57 1 38 1 68 1 52 1 54 1 58 1 63 1 65 
46 0 0  19  1 26 1 34 1 37 1 38 1 39 1 43 1 50 1 71 1 66 1 58 1 51 1 56 1 61 1 60 1 54 1 59 1 65 1 67 1 79 
47 0 0  28  1 17 1 23 1 27 1 31 1 32 1 37 1 39 1 38 1 55 1 69 1 52 1 64 1 40 1 33 1 42 1 49 1 73 1 51 1 62 1 43 1 41 1 44 1 58 1 48 1 34 1 60 1 50 1 74 
48 0 0  26  1 26 1 32 1 36 1 39 1 43 1 44 1 47 1 35 1 37 1 38 1 65 1 61 1 63 1 60 1 51 1 49 1 50 1 52 1 53 1 54 1 55 1 56 1 58 1 59 1 62 1 68 
49 0 0  18  1 25 1 42 1 47 1 82 1 56 1 48 1 43 1 40 1 52 1 41 1 44 1 39 1 37 1 38 1 50 1 35 1 55 1 62 
50 0 0  34  1 18 1 37 1 39 1 40 1 41 1 43 1 46 1 49 1 62 1 35 1 36 1 63 1 59 1 73 1 42 1 56 1 66 1 71 1 52 1 44 1 60 1 53 1 92 1 47 1 48 1 55 1 21 1 65 1 58 1 51 1 54 1 57 1 64 1 78 
51 0 0  33  1 27 1 39 1 40 1 44 1 46 1 47 1 48 1 63 1 50 1 25 1 29 1 30 1 56 1 59 1 72 1 53 1 16 1 42 1 43 1 61 1 58 1 32 1 41 1 67 1 66 1 54 1 37 1 68 1 52 1 55 1 57 1 60 1 62 
52 0 0  25  1 20 1 24 1 32 1 36 1 43 1 44 1 47 1 49 1 50 1 59 1 67 1 42 1 41 1 31 1 51 1 68 1 55 1 48 1 45 1 54 1 61 1 53 1 56 1 63 1 65 
53 0 0  14  1 35 1 39 1 40 1 43 1 50 1 51 1 52 1 58 1 37 1 55 1 48 1 56 1 60 1 68 
54 0 0  33  1 23 1 28 1 40 1 42 1 44 1 51 1 52 1 46 1 50 1 63 1 60 1 45 1 71 1 31 1 65 1 33 1 56 1 30 1 26 1 62 1 38 1 35 1 48 1 66 1 74 1 58 1 43 1 55 1 57 1 59 1 61 1 68 1 73 
55 0 0  30  1 26 1 37 1 38 1 40 1 47 1 50 1 52 1 53 1 28 1 66 1 60 1 67 1 51 1 58 1 54 1 49 1 35 1 32 1 42 1 34 1 61 1 56 1 36 1 39 1 48 1 57 1 62 1 63 1 64 1 68 
56 0 0  30  1 40 1 46 1 49 1 50 1 51 1 52 1 53 1 54 1 55 1 67 1 61 1 57 1 42 1 87 1 58 1 73 1 70 1 78 1 68 1 74 1 30 1 60 1 48 1 34 1 86 1 63 1 59 1 64 1 66 1 71 
57 0 0  27  1 38 1 40 1 45 1 56 1 74 1 65 1 67 1 59 1 55 1 43 1 54 1 61 1 50 1 68 1 73 1 51 1 44 1 69 1 76 1 63 1 41 1 42 1 64 1 77 1 72 1 58 1 62 
58 0 0  27  1 41 1 43 1 46 1 47 1 50 1 51 1 53 1 54 1 55 1 56 1 60 1 63 1 67 1 48 1 64 1 72 1 45 1 59 1 61 1 33 1 37 1 34 1 57 1 66 1 68 1 71 1 89 
59 0 0  26  1 37 1 50 1 51 1 52 1 57 1 58 1 83 1 48 1 56 1 64 1 46 1 63 1 42 1 60 1 82 1 40 1 66 1 68 1 54 1 92 1 67 1 70 1 72 1 74 1 78 1 81 
60 0 0  25  1 46 1 47 1 48 1 50 1 54 1 55 1 56 1 58 1 59 1 76 1 77 1 53 1 39 1 51 1 61 1 72 1 43 1 67 1 65 1 63 1 64 1 68 1 71 1 74 1 94 
61 0 0  18  1 39 1 46 1 48 1 51 1 52 1 55 1 56 1 57 1 58 1 60 1 54 1 70 1 66 1 71 1 72 1 73 1 78 1 97 
62 0 0  30  1 36 1 38 1 43 1 44 1 47 1 50 1 54 1 75 1 71 1 39 1 55 1 66 1 69 1 64 1 73 1 49 1 67 1 70 1 42 1 65 1 48 1 74 1 57 1 51 1 63 1 68 1 72 1 76 1 87 1 98 
63 0 0  26  1 48 1 50 1 51 1 54 1 56 1 57 1 58 1 59 1 77 1 68 1 79 1 93 1 70 1 55 1 60 1 45 1 65 1 52 1 44 1 62 1 64 1 81 1 80 1 67 1 71 1 83 
64 0 0  20  1 47 1 57 1 58 1 59 1 62 1 63 1 68 1 75 1 60 1 74 1 80 1 55 1 77 1 50 1 72 1 56 1 73 1 65 1 67 1 78 
65 0 0  30  1 25 1 33 1 39 1 40 1 44 1 48 1 50 1 54 1 57 1 60 1 62 1 63 1 45 1 66 1 46 1 38 1 67 1 68 1 71 1 69 1 73 1 52 1 42 1 70 1 64 1 72 1 78 1 83 1 91 1 97 
66 0 0  23  1 46 1 50 1 51 1 54 1 55 1 59 1 62 1 65 1 61 1 58 1 71 1 85 1 73 1 70 1 56 1 82 1 74 1 68 1 67 1 78 1 81 1 87 1 97 
67 0 0  27  1 51 1 52 1 55 1 56 1 57 1 58 1 60 1 62 1 63 1 65 1 83 1 79 1 42 1 69 1 72 1 76 1 64 1 92 1 73 1 75 1 77 1 46 1 95 1 59 1 66 1 68 1 71 
68 0 0  32  1 45 1 51 1 52 1 56 1 57 1 59 1 63 1 64 1 65 1 66 1 89 1 75 1 74 1 71 1 55 1 62 1 86 1 78 1 54 1 60 1 81 1 67 1 93 1 41 1 58 1 48 1 97 1 53 1 72 1 73 1 79 1 85 
69 0 0  17  1 47 1 57 1 62 1 65 1 67 1 74 1 82 1 91 1 71 1 72 1 73 1 78 1 79 1 86 1 90 1 94 1 97 
70 0 0  18  1 56 1 61 1 62 1 63 1 65 1 66 1 73 1 96 1 72 1 77 1 80 1 59 1 91 1 76 1 78 1 81 1 85 1 89 
71 0 0  32  1 43 1 46 1 50 1 54 1 62 1 65 1 66 1 68 1 67 1 77 1 58 1 74 1 89 1 61 1 79 1 75 1 84 1 82 1 69 1 95 1 76 1 60 1 56 1 63 1 72 1 73 1 78 1 81 1 83 1 85 1 92 1 99 
72 0 0  32  1 51 1 57 1 58 1 60 1 64 1 67 1 70 1 71 1 92 1 77 1 62 1 69 1 61 1 85 1 81 1 43 1 84 1 65 1 68 1 88 1 79 1 75 1 73 1 76 1 93 1 44 1 78 1 80 1 87 1 59 1 83 1 97 
73 0 0  29  1 47 1 50 1 56 1 57 1 62 1 64 1 65 1 66 1 67 1 70 1 72 1 68 1 77 1 93 1 61 1 69 1 89 1 79 1 78 1 88 1 71 1 54 1 84 1 75 1 76 1 85 1 90 1 91 1 95 
74 0 0  21  1 54 1 56 1 57 1 62 1 64 1 66 1 68 1 69 1 71 1 90 1 78 1 60 1 87 1 84 1 59 1 47 1 75 1 81 1 83 1 88 1 95 
75 0 0  14  1 62 1 64 1 67 1 68 1 71 1 72 1 98 1 73 1 74 1 82 1 78 1 85 1 91 1 97 
76 0 0  14  1 57 1 60 1 67 1 71 1 72 1 86 1 62 1 87 1 70 1 73 1 78 1 77 1 80 1 93 
77 0 0  17  1 57 1 60 1 63 1 64 1 67 1 70 1 71 1 72 1 73 1 76 1 86 1 83 1 80 1 78 1 79 1 85 1 88 
78 0 0  29  1 56 1 68 1 72 1 73 1 74 1 76 1 71 1 92 1 84 1 64 1 89 1 83 1 80 1 61 1 66 1 65 1 70 1 77 1 69 1 50 1 75 1 59 1 85 1 95 1 87 1 81 1 91 1 94 1 97 
79 0 0  19  1 63 1 67 1 71 1 72 1 73 1 85 1 80 1 95 1 69 1 88 1 68 1 84 1 77 1 82 1 46 1 81 1 83 1 89 1 90 
80 0 0  17  1 63 1 64 1 70 1 72 1 77 1 78 1 79 1 76 1 83 1 81 1 82 1 87 1 89 1 90 1 93 1 95 1 99 
81 0 0  24  1 63 1 68 1 72 1 66 1 70 1 89 1 80 1 91 1 39 1 87 1 96 1 74 1 84 1 79 1 78 1 95 1 88 1 85 1 59 1 83 1 71 1 90 1 93 1 97 
82 0 0  16  1 49 1 59 1 66 1 69 1 71 1 75 1 79 1 80 1 83 1 84 1 89 1 90 1 94 1 95 1 97 1 99 
83 0 0  23  1 59 1 67 1 77 1 78 1 80 1 81 1 72 1 74 1 82 1 85 1 86 1 65 1 71 1 63 1 91 1 79 1 92 1 94 1 93 1 90 1 95 1 97 1 99 
84 0 0  14  1 71 1 72 1 73 1 74 1 78 1 79 1 81 1 98 1 82 1 89 1 90 1 95 1 96 1 97 
85 0 0  24  1 66 1 72 1 78 1 79 1 81 1 83 1 75 1 89 1 77 1 93 1 73 1 90 1 70 1 71 1 88 1 96 1 87 1 98 1 86 1 92 1 68 1 95 1 97 1 99 
86 0 0  15  1 56 1 68 1 76 1 77 1 83 1 85 1 69 1 87 1 89 1 93 1 94 1 96 1 97 1 98 1 99 
87 0 0  20  1 56 1 72 1 74 1 76 1 78 1 81 1 85 1 80 1 97 1 91 1 98 1 86 1 88 1 95 1 94 1 62 1 66 1 90 1 93 1 99 
88 0 0  15  1 72 1 73 1 79 1 81 1 85 1 87 1 90 1 74 1 77 1 89 1 93 1 94 1 95 1 97 1 99 
89 0 0  21  1 68 1 71 1 73 1 78 1 81 1 85 1 84 1 88 1 80 1 58 1 91 1 86 1 79 1 97 1 82 1 96 1 70 1 92 1 93 1 95 1 99 
90 0 0  21  1 74 1 83 1 85 1 88 1 73 1 93 1 98 1 84 1 91 1 80 1 69 1 92 1 81 1 97 1 87 1 79 1 82 1 99 1 94 1 95 1 96 
91 0 0  17  1 69 1 70 1 81 1 83 1 87 1 89 1 90 1 78 1 75 1 92 1 73 1 93 1 94 1 65 1 95 1 97 1 99 
92 0 0  14  1 50 1 59 1 67 1 72 1 78 1 83 1 85 1 89 1 90 1 91 1 71 1 93 1 97 1 99 
93 0 0  19  1 63 1 68 1 72 1 73 1 83 1 85 1 90 1 91 1 95 1 87 1 89 1 96 1 86 1 94 1 88 1 92 1 80 1 76 1 81 
94 0 0  15  1 83 1 87 1 91 1 93 1 96 1 90 1 86 1 82 1 60 1 88 1 78 1 69 1 95 1 97 1 99 
95 0 0  23  1 67 1 71 1 78 1 79 1 81 1 87 1 93 1 88 1 84 1 74 1 99 1 85 1 89 1 83 1 97 1 82 1 73 1 80 1 91 1 90 1 96 1 94 1 98 
96 0 0  12  1 70 1 81 1 85 1 89 1 93 1 94 1 95 1 84 1 90 1 86 1 97 1 99 
97 0 0  25  1 68 1 87 1 89 1 90 1 95 1 82 1 69 1 83 1 98 1 88 1 75 1 84 1 85 1 94 1 86 1 91 1 61 1 72 1 92 1 65 1 99 1 78 1 96 1 81 1 66 
98 0 0  10  1 75 1 84 1 85 1 87 1 90 1 95 1 97 1 62 1 86 1 99 
99 0 0  17  1 90 1 95 1 97 1 98 1 91 1 83 1 89 1 94 1 85 1 96 1 87 1 92 1 86 1 88 1 80 1 71 1 82 